%YAML:1.0
R: !!opencv-matrix
   rows: 3
   cols: 3
   dt: d
   data: [ 1.0000, -0.0016, -0.0072,
    0.0016, 1.0000,  0.0062,
    0.0072,  -0.0062,    1.0000 ]
T: !!opencv-matrix
   rows: 3
   cols: 1
   dt: d
   data: [142.7066,-0.2922,0.3666 ]
R1: !!opencv-matrix
   rows: 3
   cols: 3
   dt: d
   data: [ 9.2422492934116840e-001, 1.5140581414103373e-002,
       3.8154821815696538e-001, -1.3419595640352373e-002,
       9.9988423849935959e-001, -7.1710566449585114e-003,
       -3.8161262352962300e-001, 1.5074465160248990e-003,
       9.2432112015675572e-001 ]
R2: !!opencv-matrix
   rows: 3
   cols: 3
   dt: d
   data: [ 9.3739864785748261e-001, -1.7562729941554743e-002,
       3.4781507372735215e-001, 1.5999203968851548e-002,
       9.9984486394476935e-001, 7.3670561032775474e-003,
       -3.4789050068567040e-001, -1.3411041218975087e-003,
       9.3753421322766017e-001 ]
P1: !!opencv-matrix
   rows: 3
   cols: 4
   dt: d
   data: [ -1.9349134325958446e+004, 0., 1.6576779270172119e+002, 0., 0.,
       -1.9349134325958446e+004, 5.3829121997952461e+002, 0., 0., 0., 1.,
       0. ]
P2: !!opencv-matrix
   rows: 3
   cols: 4
   dt: d
   data: [ -1.9349134325958446e+004, 0., 1.6576779270172119e+002,
       -5.6283423507608553e+004, 0., -1.9349134325958446e+004,
       5.3829121997952461e+002, 0., 0., 0., 1., 0. ]
Q: !!opencv-matrix
   rows: 4
   cols: 4
   dt: d
   data: [ 1., 0., 0., -1.6576779270172119e+002, 0., 1., 0.,
       -5.3829121997952461e+002, 0., 0., 0., -1.9349134325958446e+004,
       0., 0., -3.4378033744416375e-001, 0. ]
