%YAML:1.0
R: !!opencv-matrix
   rows: 3
   cols: 3
   dt: d
   data: [ 1.0000, -0.0016, -0.0072,0.0016, 1.0000,  0.0062,0.0072,  -0.0062,    1.0000
      ]
T: !!opencv-matrix
   rows: 3
   cols: 1
   dt: d
   data: [ 142.7066, -3.9265128030438828e-002,
       1.1728686149528300e+000 ]
R1: !!opencv-matrix
   rows: 3
   cols: 3
   dt: d
   data: [ 9.1836031911891758e-001, -2.9798260854302576e-003,
       3.9573405830721808e-001, 3.4306023908446436e-003,
       9.9999402241150703e-001, -4.3140293231353800e-004,
       -3.9573040726615383e-001, 1.7537895411556636e-003,
       9.1836505213733477e-001 ]
R2: !!opencv-matrix
   rows: 3
   cols: 3
   dt: d
   data: [ 9.0562585078557389e-001, -1.4189260441916251e-002,
       4.2384016241623090e-001, 1.3704846981781840e-002,
       9.9989730081949912e-001, 4.1910599000531228e-003,
       -4.2385610241933697e-001, 2.0131323829690644e-003,
       9.0572730539599910e-001 ]
P1: !!opencv-matrix
   rows: 3
   cols: 4
   dt: d
   data: [ 2.5339244380028799e+003, 0., -1.0656824264526367e+003, 0., 0.,
       2.5339244380028799e+003, 2.2432605934143066e+002, 0., 0., 0., 1.,
       0. ]
P2: !!opencv-matrix
   rows: 3
   cols: 4
   dt: d
   data: [ 2.5339244380028799e+003, 0., -1.0656824264526367e+003,
       7.0119840202329897e+003, 0., 2.5339244380028799e+003,
       2.2432605934143066e+002, 0., 0., 0., 1., 0. ]
Q: !!opencv-matrix
   rows: 4
   cols: 4
   dt: d
   data: [ 1., 0., 0., 1.0656824264526367e+003, 0., 1., 0.,
       -2.2432605934143066e+002, 0., 0., 0., 2.5339244380028799e+003, 0.,
       0., -3.6137053802337160e-001, 0. ]
