%YAML:1.0
R: !!opencv-matrix
   rows: 3
   cols: 3
   dt: d
   data: [ 9.9997937102732737e-001, 5.9023472049401452e-004,
       6.3960255444666736e-003, -5.3326713916448313e-004,
       9.9996020961271692e-001, -8.9047637503478789e-003,
       -6.4010269448764373e-003, 8.9011692639756976e-003,
       9.9993989621365997e-001 ]
T: !!opencv-matrix
   rows: 3
   cols: 1
   dt: d
   data: [ 2.0020154194220741e-001, 6.4757465000004147e-004,
       -1.6223508042988524e-003 ]
R1: !!opencv-matrix
   rows: 3
   cols: 3
   dt: d
   data: [ 9.9999145301701886e-001, 3.7524454685297515e-003,
       -1.7358127540311784e-003, -3.7601461128528553e-003,
       9.9998300899964609e-001, -4.4545497217789182e-003,
       1.7190678059182327e-003, 4.4610385583979699e-003,
       9.9998857190512902e-001 ]
R2: !!opencv-matrix
   rows: 3
   cols: 3
   dt: d
   data: [ 9.9996193674154887e-001, 3.2344905784219666e-003,
       -8.1032795082447238e-003, -3.1983352668959629e-003,
       9.9998489116368861e-001, 4.4708048343074366e-003,
       8.1176178532355800e-003, -4.4447176562788081e-003,
       9.9995717346561641e-001 ]
P1: !!opencv-matrix
   rows: 3
   cols: 4
   dt: d
   data: [ 1.4478412895369709e+003, 0., 9.7292706557691747e+002, 0., 0.,
       1.4478412895369709e+003, 4.6423077036442692e+002, 0., 0., 0., 1.,
       0. ]
P2: !!opencv-matrix
   rows: 3
   cols: 4
   dt: d
   data: [ 1.4478412895369709e+003, 0., 9.7292706557691747e+002,
       2.8987109209119131e+002, 0., 1.4478412895369709e+003,
       4.6423077036442692e+002, 0., 0., 0., 1., 0. ]
Q: !!opencv-matrix
   rows: 4
   cols: 4
   dt: d
   data: [ 1., 0., 0., -9.7292706557691747e+002, 0., 1., 0.,
       -4.6423077036442692e+002, 0., 0., 0., 1.4478412895369709e+003, 0.,
       0., -4.9947763990259872e+000, 0. ]
