%YAML:1.0
M1: !!opencv-matrix
   rows: 3
   cols: 3
   dt: d
   data: [ 1.4526917600412587e+003, 0., 1.80298402770e+002, 0.,
       1.4588817643510531e+003, 2.1004438429e+002, 0., 0., 1. ]
D1: !!opencv-matrix
   rows: 4
   cols: 1
   dt: d
   data: [ 2.5052912281205080e-002, 1.5402602849237199e-002,
       -1.6607674445756393e-002, 1.2456684711307247e-002 ]
M2: !!opencv-matrix
   rows: 3
   cols: 3
   dt: d
   data: [ 1.4497619815828339e+003, 0., 1.814330947e+002, 0.,
       1.4559351235520394e+003, 2.1104142469168e+002, 0., 0., 1. ]
D2: !!opencv-matrix
   rows: 4
   cols: 1
   dt: d
   data: [ 2.5363373532763889e-002, 1.2961049149411985e-002,
       -1.3014340979453753e-002, 9.7683504101877150e-002 ]
