%YAML:1.0
R: !!opencv-matrix
   rows: 3
   cols: 3
   dt: d
   data: [ 9.9977777137515456e-001, 2.5974670649506282e-003,
       2.0920349637987678e-002, -2.4122396118628165e-003,
       9.9995771296075275e-001, -8.8743106974984009e-003,
       -2.0942515708102367e-002, 8.8218736755448623e-003,
       9.9974175944624244e-001 ]
T: !!opencv-matrix
   rows: 3
   cols: 1
   dt: d
   data: [ 2.0111756757753302e-001, -3.1075548497051033e-004,
       -6.1463880992961039e-004 ]
R1: !!opencv-matrix
   rows: 3
   cols: 3
   dt: d
   data: [ 9.9983963870677783e-001, 1.0254223000484379e-003,
       1.7878629136668798e-002, -9.4641701455454980e-004,
       9.9998975346131558e-001, -4.4268800765413186e-003,
       -1.7882985364153850e-002, 4.4092495375154458e-003,
       9.9983036428835326e-001 ]
R2: !!opencv-matrix
   rows: 3
   cols: 3
   dt: d
   data: [ 9.9999413639204104e-001, -1.5451343538270450e-003,
       -3.0560990436178850e-003, 1.5586218772934235e-003,
       9.9998903534919570e-001, 4.4158667584868394e-003,
       3.0492424271285840e-003, -4.4206041684039321e-003,
       9.9998558008573646e-001 ]
P1: !!opencv-matrix
   rows: 3
   cols: 4
   dt: d
   data: [ 6.8049027564019821e+002, 0., 1.0178206073097542e+003, 0., 0.,
       6.8049027564019821e+002, 4.3857995959367145e+002, 0., 0., 0., 1.,
       0. ]
P2: !!opencv-matrix
   rows: 3
   cols: 4
   dt: d
   data: [ 6.8049027564019821e+002, 0., 1.0178206073097542e+003,
       1.3685935148650424e+002, 0., 6.8049027564019821e+002,
       4.3857995959367145e+002, 0., 0., 0., 1., 0. ]
Q: !!opencv-matrix
   rows: 4
   cols: 4
   dt: d
   data: [ 1., 0., 0., -1.0178206073097542e+003, 0., 1., 0.,
       -4.3857995959367145e+002, 0., 0., 0., 6.8049027564019821e+002, 0.,
       0., -4.9721869075735148e+000, 0. ]
