%YAML:1.0
M1: !!opencv-matrix
   rows: 3
   cols: 3
   dt: d
   data: [ 8.0058271812450675e+002, 0., 9.8407928069869911e+002, 0.,
       8.0016332813599240e+002, 4.8705656293499021e+002, 0., 0., 1. ]
D1: !!opencv-matrix
   rows: 4
   cols: 1
   dt: d
   data: [ -1.6258592913118756e-002, 5.7855355044995459e-003,
       -1.0405158900743106e-002, 6.1799882719481836e-003 ]
M2: !!opencv-matrix
   rows: 3
   cols: 3
   dt: d
   data: [ 7.9870184565814100e+002, 0., 9.7309243408561031e+002, 0.,
       7.9905419934641304e+002, 4.7538898797805922e+002, 0., 0., 1. ]
D2: !!opencv-matrix
   rows: 4
   cols: 1
   dt: d
   data: [ -1.4994836673417722e-002, -1.6980798931925530e-003,
       1.6349660815270716e-003, -1.1653746043566180e-003 ]
