%YAML:1.0
M1: !!opencv-matrix
   rows: 3
   cols: 3
   dt: d
   data: [ 1.3504183162169788e+003, 0., 1.8886063822386905e+002, 0.,
       2.8514717967624338e+003, 2.2296394299372747e+002, 0., 0., 1. ]
D1: !!opencv-matrix
   rows: 1
   cols: 12
   dt: d
   data: [ 8.1906434509256218e+000, 8.9947013050714611e+002, 0., 0., 0.,
       0., 0., 2.2280809326594788e+000, 0., 0., 0., 0. ]
M2: !!opencv-matrix
   rows: 3
   cols: 3
   dt: d
   data: [ 1.3504183162169788e+003, 0., 2.6360980266082618e+002, 0.,
       2.8514717967624338e+003, 2.2395535114745073e+002, 0., 0., 1. ]
D2: !!opencv-matrix
   rows: 1
   cols: 12
   dt: d
   data: [ 2.7024733469432780e+000, 4.2274813797604691e+002, 0., 0., 0.,
       0., 0., 5.7725881302889510e+000, 0., 0., 0., 0. ]
